578
9308
1
306
867
578
3121
612
6762
3251
2601
578
1
7093
3121
3329
1734
9308
867
3121
3783
306
1
3201
2601
3251
578
3121
6762
9660
306
9308
306
3251
6762
867
578
3946
6762
3946
9660
306
867
3201
6827
3329
3251
9660
3251
9308
9016
3251
3468
3946
3468
1
6827
3853
3121
3783
9308
1261
306
9016
1
306
3468
3946
3329
3121
9308
3201
3121
6762
1734
3201
4830
9016
3251
3783
306
9308
3201
3251
6502
9016
3251
9308
6762
3121
306
1156
1
6242
1
3329
3121
306
7093
1
867
6762
3251
578
3121
1156
1
5635
3121
3121
306
5202
3251
3201
4830
6802
3121
5880
306
5635
1734
3201
3946
5880
306
3329
3121
9308
1734
3201
